%A = [22.499, 39.3224;
%    24.3894, 49.8416]; 
%22.499 24.3894
%39.3224 49.8416

nvars=2;
LB=[22.499 39.3224];
UB=[24.3894 49.8416];

%x = [1,3];

%p = model(x,v,w);
[x, fval]=ga(@model,nvars,[],[],[],[],[],[],LB,UB)